MASSDIMM pointing data
:EQUAT
-32 22 32.0 2011 03 04 +10.0 825.0  1750.0  0.0

12 47 43 -59 41 19 0.0 0.0 J2000 12 48 47.7 -59 39 23 11 59
13 25 12 -11 09 41 0.0 0.0 J2000 13 26 31.9 -11 09 15 12 02
14 15 40 +19 10 57 0.0 0.0 J2000 14 17 05.6 +19 10 11 12 18
15 17 00 -09 22 59 0.0 0.0 J2000 15 18 21.2 -09 23 04 12 21
16 48 40 -69 01 40 0.0 0.0 J2000 16 50 30.9 -68 59 57 12 24
17 30 46 -37 17 45 0.0 0.0 J2000 17 32 12.4 -37 16 17 12 28
12 41 31 -48 57 36 0.0 0.0 J2000 12 42 42.0 -48 55 13 12 30
12 34 23 -23 23 48 0.0 0.0 J2000 12 35 44.0 -23 21 27 12 33
