MASSDIMM pointing data
:EQUAT
-32 22 32.0 2011 03 04 +10.0 825.0  1750.0  0.0

09 13 12 -69 43 02 0.0 0.0 J2000 09 12 36.6 -69 50 27 11 48
06 23 57 -52 41 45 0.0 0.0 J2000 06 24 26.2 -52 44 59 11 51
09 27 35 -08 39 31 0.0 0.0 J2000 09 28 25.7 -08 48 38 12 05
11 49 04 +14 34 19 0.0 0.0 J2000 11 50 00.6 +14 20 37 12 13
10 08 22 +11 58 02 0.0 0.0 J2000 10 09 24.4 +11 47 06 12 15
12 08 22 -50 43 21 0.0 0.0 J2000 12 08 48.4 -50 54 56 12 36
09 17 05 -59 16 31 0.0 0.0 J2000 09 17 16.8 -59 23 21 12 41
09 07 60 -43 25 57 0.0 0.0 J2000 09 08 34.0 -43 32 41 12 43
